@ /Users/gianmarcoterrones/Research/mofSimplify/temp_file_creation_1624551757.5072918/zeo++/temp_cif_sa.txt Unitcell_volume: 2271.31   Density: 1.21659   ASA_A^2: 235.143 ASA_m^2/cm^3: 1035.28 ASA_m^2/g: 850.968 NASA_A^2: 56.5377 NASA_m^2/cm^3: 248.921 NASA_m^2/g: 204.606
Number_of_channels: 1 Channel_surface_area_A^2: 235.143  
Number_of_pockets: 1 Pocket_surface_area_A^2: 56.5377  
