train_acc: 0.9357142857142857
train_bal_acc: 0.9357142857142857
train_roc_auc: 0.9777551020408164
train_F1: 0.9356847532030014
test_acc: 0.6944444444444444
test_bal_acc: 0.6944444444444444
test_roc_auc: 0.8117283950617284
test_F1: 0.6923076923076923
