@ temp_cif_sa.txt Unitcell_volume: 2100.24   Density: 1.37474   ASA_A^2: 0 ASA_m^2/cm^3: 0 ASA_m^2/g: 0 NASA_A^2: 73.9515 NASA_m^2/cm^3: 352.11 NASA_m^2/g: 256.128
Number_of_channels: 0 Channel_surface_area_A^2: 
Number_of_pockets: 8 Pocket_surface_area_A^2: 18.7427  0.0159261  0  18.3427  0  0.0109359  18.3682  18.4711  
