@ temp_cif_av.txt Unitcell_volume: 2100.24   Density: 1.37474   AV_A^3: 0 AV_Volume_fraction: 0 AV_cm^3/g: 0 NAV_A^3: 14.7017 NAV_Volume_fraction: 0.007 NAV_cm^3/g: 0.00509187
Number_of_channels: 0 Channel_volume_A^3: 
Number_of_pockets: 8 Pocket_volume_A^3: 4.20048  3.99046  0  0  0  0  3.36038  3.15036  
