@ temp_cif_av.txt Unitcell_volume: 2329.31   Density: 1.55108   AV_A^3: 0 AV_Volume_fraction: 0 AV_cm^3/g: 0 NAV_A^3: 9.31724 NAV_Volume_fraction: 0.004 NAV_cm^3/g: 0.00257885
Number_of_channels: 0 Channel_volume_A^3: 
Number_of_pockets: 4 Pocket_volume_A^3: 1.39759  2.09638  3.0281  2.79517  
