@ temp_cif_av.txt Unitcell_volume: 2271.31   Density: 1.21659   AV_A^3: 145.591 AV_Volume_fraction: 0.0641 AV_cm^3/g: 0.0526884 NAV_A^3: 29.2999 NAV_Volume_fraction: 0.0129 NAV_cm^3/g: 0.0106034
Number_of_channels: 1 Channel_volume_A^3: 145.591  
Number_of_pockets: 1 Pocket_volume_A^3: 29.2999  
